2573059690
1929338242
731324608
3416701003
1978473739
1676052982
1999050003
1999076084
1998648901
1998448982
1998570423
1999198858
2516354370
2631651304
1038927246
1269713236
1257652416
1994947868
1807237758
2269117437
2807529673
1988598083
2252191122
1986731141
3413418132
2610098749
2027283959
1986877838
2005549152
2273434178
2266052969
3341233406
2242400886
1228515326
176877226
3406855364
1503223098
2270486485
2005074090
1843879327
3469898114
1990226677
3125129781
3408894109
2859199116
2575149341
1056940117
1146160989
2989908113
3340046869
